function vecOut = getParamsVecNum_SmallerModel(n)
% Just a hard-coded list of parameter vectors, by index

    % Vary ICs
        %  Params  = [a2; b21; b2r4; b2r5; a3; b32; b3r6; a4; b42; b4r5; a5; b52; a6; b65; b6r3; b6r6; 
                       % x0_1;  x0_2;  x0_3;  x0_4;  x0_5;  x0_6;]; 
    paramsList{1}  = [0.8;  0.7; -0.6; 0.3; 0.4; 0.4; 0.5;  0.6;  0.4; -0.6;  0.4; 0.4;  0.2; 0.3; -0.3; -0.2;   
                        0.9;   0.4;   0.3;   0.4;   0.7;   0.5;];
                    
    paramsList{2}  = [0.8;  0.7; -0.6; 0.3; 0.4; 0.4; 0.5;  0.6;  0.4; -0.6;  0.4; 0.4;  0.2; 0.3; -0.3; -0.2;  
                        0.2;   0.9;   0.6;   0.1;   0.6;   0.2;];
                    
    paramsList{3}  = [0.8;  0.7; -0.6; 0.3; 0.4; 0.4; 0.5;  0.6;  0.4; -0.6;  0.4; 0.4;  0.2; 0.3; -0.3; -0.2;  
                        0.4;   0.5;   0.6;   0.1;   0.7;   0.8;];
                    
    paramsList{4}  = [0.8;  0.7; -0.6; 0.3; 0.4; 0.4; 0.5;  0.6;  0.4; -0.6;  0.4; 0.4;  0.2; 0.3; -0.3; -0.2; 
                        0.7;   0.1;   0.6;   0.8;   0.8;   0.1;];
                    
    paramsList{5}  = [0.8;  0.7; -0.6; 0.3; 0.4; 0.4; 0.5;  0.6;  0.4; -0.6;  0.4; 0.4;  0.2; 0.3; -0.3; -0.2;   
                        0.1;   0.7;   0.7;   0.3;   0.9;   0.6;];
                    
    paramsList{6}  = [0.8;  0.7; -0.6; 0.3; 0.4; 0.4; 0.5;  0.6;  0.4; -0.6;  0.4; 0.4;  0.2; 0.3; -0.3; -0.2;   
                        0.7;   0.4;   0.3;   0.5;   0.4;   0.6;];
                    
    paramsList{7}  = [0.8;  0.7; -0.6; 0.3; 0.4; 0.4; 0.5;  0.6;  0.4; -0.6;  0.4; 0.4;  0.2; 0.3; -0.3; -0.2;   
                        0.4;   0.8;   0.2;   0.3;   0.9;   0.8;];
                    
    paramsList{8}  = [0.8;  0.7; -0.6; 0.3; 0.4; 0.4; 0.5;  0.6;  0.4; -0.6;  0.4; 0.4;  0.2; 0.3; -0.3; -0.2;
                        0.8;   0.4;   0.6;   0.5;   0.3;   0.5;];
                    
    paramsList{9}  = [0.8;  0.7; -0.6; 0.3; 0.4; 0.4; 0.5;  0.6;  0.4; -0.6;  0.4; 0.4;  0.2; 0.3; -0.3; -0.2;   
                        0.8;   0.9;   0.1;   0.5;   0.8;   0.5;];
                    
    paramsList{10}  = [0.8;  0.7; -0.6; 0.3; 0.4; 0.4; 0.5;  0.6;  0.4; -0.6;  0.4; 0.4;  0.2; 0.3; -0.3; -0.2;
                        0.5;   0.5;   0.9;   0.3;   0.5;   0.4;];
                    
    paramsList{11}  = [0.8;  0.7; -0.6; 0.3; 0.4; 0.4; 0.5;  0.6;  0.4; -0.6;  0.4; 0.4;  0.2; 0.3; -0.3; -0.2;   
                        0.5;   0.5;   0.9;   0.3;   0.7;   0.8;];
                    
    paramsList{12}  = [0.8;  0.7; -0.6; 0.3; 0.4; 0.4; 0.5;  0.6;  0.4; -0.6;  0.4; 0.4;  0.2; 0.3; -0.3; -0.2;   
                        0.4;   0.8;   0.9;   0.3;   0.2;   0.9;];
                    
    paramsList{13}  = [0.8;  0.7; -0.6; 0.3; 0.4; 0.4; 0.5;  0.6;  0.4; -0.6;  0.4; 0.4;  0.2; 0.3; -0.3; -0.2;  
                        0.4;   0.7;   0.5;   0.3;   0.3;   0.5;];
                    
    paramsList{14}  = [0.8;  0.7; -0.6; 0.3; 0.4; 0.4; 0.5;  0.6;  0.4; -0.6;  0.4; 0.4;  0.2; 0.3; -0.3; -0.2; 
                        0.2;   0.8;   0.8;   0.6;   0.4;   0.5;];
                    
    paramsList{15}  = [0.8;  0.7; -0.6; 0.3; 0.4; 0.4; 0.5;  0.6;  0.4; -0.6;  0.4; 0.4;  0.2; 0.3; -0.3; -0.2;
                        0.7;   0.4;   0.4;   0.7;   0.9;   0.1;];
    
    vecOut = paramsList{n};

end


